name: pdfscanner
channels:
  - anaconda
  - conda-forge
  - defaults
dependencies:
  - blas=1.0=mkl
  - bzip2=1.0.8=h0b31af3_2
  - ca-certificates=2020.4.5.1=hecc5488_0
  - cairo=1.16.0=ha8983da_1004
  - certifi=2020.4.5.1=py37hc8dfbb8_0
  - cloudpickle=1.4.1=py_0
  - cycler=0.10.0=py37_0
  - cytoolz=0.10.1=py37h1de35cc_0
  - dask-core=2.16.0=py_0
  - decorator=4.4.2=py_0
  - ffmpeg=4.2=h5c2b479_0
  - fontconfig=2.13.1=h79c0d67_1002
  - freetype=2.9.1=hb4e5f40_0
  - gettext=0.19.8.1=h46ab8bc_1002
  - giflib=5.2.1=h0b31af3_2
  - glib=2.64.2=h577aef8_1
  - gmp=6.2.0=h4a8c4bd_2
  - gnutls=3.6.5=h53004b3_1002
  - graphite2=1.3.13=h12caacf_1001
  - harfbuzz=2.4.0=h1050040_4
  - hdf5=1.10.5=nompi_h0cbb7df_1103
  - icu=67.1=h4a8c4bd_0
  - imageio=2.8.0=py_0
  - imutils=0.5.3=py37_1
  - intel-openmp=2019.4=233
  - jasper=1.900.1=h636a363_1006
  - jpeg=9c=h1de35cc_1001
  - kiwisolver=1.2.0=py37h04f5b5a_0
  - lame=3.100=h1de35cc_1001
  - libblas=3.8.0=14_mkl
  - libcblas=3.8.0=14_mkl
  - libcxx=10.0.0=1
  - libedit=3.1.20181209=hb402a30_0
  - libffi=3.2.1=h4a8c4bd_1007
  - libgfortran=3.0.1=h93005f0_2
  - libiconv=1.15=h0b31af3_1006
  - liblapack=3.8.0=14_mkl
  - liblapacke=3.8.0=14_mkl
  - libopencv=4.2.0=py37_5
  - libpng=1.6.37=ha441bb4_0
  - libtiff=4.1.0=hcb84e12_0
  - libwebp=1.0.2=hd3bf737_5
  - libxml2=2.9.10=hc06c4ae_1
  - matplotlib=3.1.3=py37_0
  - matplotlib-base=3.1.3=py37h9aa3819_0
  - mkl=2019.4=233
  - mkl-service=2.3.0=py37hfbe908c_0
  - mkl_fft=1.0.15=py37h5e564d8_0
  - mkl_random=1.1.0=py37ha771720_0
  - ncurses=6.2=h0a44026_1
  - nettle=3.4.1=h3efe00b_1002
  - networkx=2.4=py_0
  - numpy=1.18.1=py37h7241aed_0
  - numpy-base=1.18.1=py37h3304bdc_1
  - olefile=0.46=py37_0
  - opencv=4.2.0=py37_5
  - openh264=1.8.0=hd9629dc_1000
  - openssl=1.1.1g=h0b31af3_0
  - pcre=8.44=h4a8c4bd_0
  - pillow=7.1.2=py37h4655f20_0
  - pip=20.0.2=py37_3
  - pixman=0.38.0=h01d97ff_1003
  - py-opencv=4.2.0=py37h43977f1_5
  - pyparsing=2.4.7=py_0
  - python=3.7.7=hc70fcce_0_cpython
  - python-dateutil=2.8.1=py_0
  - python_abi=3.7=1_cp37m
  - pywavelets=1.1.1=py37h1de35cc_0
  - readline=8.0=h1de35cc_0
  - scikit-image=0.16.2=py37h6c726b0_0
  - scipy=1.4.1=py37h9fa6033_0
  - setuptools=46.4.0=py37_0
  - six=1.14.0=py37_0
  - sqlite=3.31.1=h5c1f38d_1
  - tk=8.6.8=ha441bb4_0
  - toolz=0.10.0=py_0
  - tornado=6.0.4=py37h1de35cc_1
  - wheel=0.34.2=py37_0
  - x264=1!152.20180806=h1de35cc_0
  - xz=5.2.5=h1de35cc_0
  - zlib=1.2.11=h1de35cc_3
  - zstd=1.3.7=h5bba6e5_0

